7
input	5
dense	8
relu	0
dense	12
relu	0
dense	5
linear	0
0.01
0.0000000e+00	0.0000000e+00	0.0000000e+00	0.0000000e+00	0.0000000e+00	0.0000000e+00	0.0000000e+00	0.0000000e+00
0.0000000e+00	0.0000000e+00	0.0000000e+00	0.0000000e+00	0.0000000e+00	0.0000000e+00	0.0000000e+00	0.0000000e+00	0.0000000e+00	0.0000000e+00	0.0000000e+00	0.0000000e+00
0.0000000e+00	0.0000000e+00	0.0000000e+00	0.0000000e+00	0.0000000e+00
2.2359586e-01	-3.7184927e-01	-6.6650766e-01	2.1777260e-01	4.2364323e-01	-8.0156028e-02	-3.7610140e-01	2.8846860e-02	-2.2154075e-01	3.5788238e-02	-1.9989333e-01	-2.5763187e-01	1.8280995e-01	1.3779944e-01	-7.7339411e-03	-4.8258722e-02	3.0209488e-01	-4.0853238e-01	-3.9318216e-01	-3.8570547e-01	-6.3363075e-01	-4.9840051e-01	3.1172371e-01	4.7927547e-01	4.6974063e-01	2.5092030e-01	6.5305948e-02	6.2276900e-02	-8.0679178e-02	5.0529099e-01	3.2625532e-01	1.0137337e-01	-5.3321350e-01	6.0942900e-01	-2.6035187e-01	5.0605249e-01	5.4306293e-01	2.4009627e-01	-3.5663202e-01	2.5381643e-01
2.0582455e-01	-4.1667908e-01	4.5861745e-01	-9.9683106e-02	-2.7720809e-02	-4.9552163e-01	1.2758893e-01	4.0056968e-01	-1.7002583e-02	3.8169086e-02	1.0635102e-01	4.1245198e-01	3.9948189e-01	3.2941753e-01	1.1343998e-01	2.2274500e-01	4.7213078e-01	2.3540765e-01	1.2153769e-01	4.2613089e-02	-3.2533550e-01	3.6141664e-01	1.4283162e-01	3.7652075e-02	-2.7146554e-01	4.1081136e-01	3.5148746e-01	-7.9604924e-02	-4.2231104e-01	-3.9076310e-01	2.3333848e-02	-1.6329765e-01	2.5321651e-01	-1.7562729e-01	3.6445224e-01	-1.0825956e-01	-1.6321865e-01	3.9620912e-01	3.4907705e-01	1.4584190e-01	4.3003696e-01	-3.5736018e-01	4.2895973e-01	1.8209857e-01	1.9966882e-01	5.1564813e-01	-3.2238984e-01	3.7420267e-01	4.8938823e-01	-6.3697845e-02	-5.3263581e-01	-3.6863852e-01	-3.4934986e-01	1.9494468e-01	-3.3913022e-01	-7.1637273e-02	2.7313185e-01	4.3908298e-01	-2.1091104e-03	-3.4812978e-01	3.4654194e-01	7.0244551e-02	-3.8725424e-01	-2.2282687e-01	-1.6513148e-01	-3.9650881e-01	8.2198501e-02	5.1529932e-01	1.7145532e-01	1.3733602e-01	-3.8428652e-01	3.8238370e-01	5.1685929e-02	-4.1388136e-01	2.0333594e-01	-4.8046517e-01	4.6646857e-01	4.0018356e-01	3.9379233e-01	-3.2254106e-01	-2.6114979e-01	8.2650363e-02	2.8451759e-01	3.3244014e-02	-2.8572330e-01	-3.7130588e-01	4.5650792e-01	-1.2025088e-01	2.1617872e-01	4.8387790e-01	4.4797575e-01	5.3348112e-01	3.6872220e-01	-4.2611322e-01	4.9244165e-03	9.9597871e-02
2.8678769e-01	-1.4524978e-01	2.3004788e-01	-4.9233377e-02	1.1900812e-01	4.6383786e-01	-1.2460849e-01	5.2805376e-01	-4.2942351e-01	-5.3777397e-02	2.5221920e-01	5.6051636e-01	1.5273571e-01	-5.0709504e-01	-5.0709814e-01	4.2729962e-01	-2.7280852e-01	3.4303069e-01	-4.4871256e-01	-5.4303777e-01	-2.3708138e-01	2.2435033e-01	2.6492888e-01	2.4299055e-01	-5.7343251e-01	-5.6869686e-01	5.1390088e-01	5.1013589e-01	4.5365334e-01	-4.7330341e-01	-1.3768157e-01	-3.0168295e-02	-2.0060268e-01	-2.3521608e-01	-3.6992705e-01	-2.5006086e-01	-1.8637165e-01	-2.5287130e-01	-3.4643617e-01	-3.5298470e-01	-5.3034240e-01	-3.6347723e-01	5.2936804e-01	1.8395960e-01	-4.4073033e-01	-1.0066211e-02	-3.0707705e-01	5.8359802e-02	1.2639403e-02	-3.4383953e-02	2.3889285e-01	3.1920981e-01	-9.1793060e-02	-2.6262617e-01	3.2787359e-01	7.8077018e-02	1.7058086e-01	-2.7887630e-01	3.5810745e-01	-5.3393894e-01
